=====================================================================
Dataset, Depth:  auto 3
Fidelity:  [0.15070084117641414, 0.17092912810398322, 0.14215355048057082, 0.1630802951927238, 0.12798089577303184, 0.18073916551148225, 0.1530064150331352, 0.15893250679446644, 0.0878773827340813, 0.1562494872757954, 0.17923066493423442, 0.1368782266090488, 0.14268292067134083, 0.1209931667758387, 0.11543668420069893, 0.16110998392163833, 0.17255231333002904, 0.14111480490291442, 0.14639878396019212, 0.16563712244621354]
Average Fidelity:  0.14868421699139167
Coverage:  [0.15070084117641414, 0.16895920259541897, 0.14795640524821435, 0.1630802951927238, 0.12818856813574314, 0.1795185251180382, 0.1536183780082003, 0.1532503647215309, 0.16408707464792713, 0.1562494872757954, 0.16083707923227664, 0.13858763129907037, 0.14268292067134083, 0.1209931667758387, 0.23463305273976814, 0.15706070436356584, 0.1854638911425339, 0.14694532888732714, 0.1511577531821132, 0.15841629997980997]
Average Coverage:  0.15811934851968254
Average length:  2.08625
Maximal length:  3
Confidence:  [0.9164848624354068, 0.9457843185189997, 0.9318343932423122, 0.9374737843362099, 0.9144208877516002, 0.8979627886993958, 0.9156430802965614, 0.9186694779319537, 0.750861467773886, 0.9190377615317712, 0.9419010999814165, 0.9123062288721971, 0.9082620374569997, 0.9193002071981429, 0.8205725895355496, 0.9285015994876805, 0.9391998852363461, 0.9229787027688079, 0.9130840945699609, 0.9262260740922404]
Average Confidence:  0.909025267085872
Generality:  0.8380679436463946
Average number of clusters:  2.15
Number of clusters:  [2, 2, 2, 2, 2, 2, 2, 2, 4, 2, 2, 2, 2, 2, 3, 2, 2, 2, 2, 2]
=====================================================================
=====================================================================
Dataset, Depth:  auto 4
Fidelity:  [0.17502552776794553, 0.07970091297228778, 0.18553819550230824, 0.09507335792302636, 0.14761867688524277, 0.1365575538031953, 0.1623747517104399, 0.16182403030698522, 0.12134694476023267, 0.11208544077734538, 0.1306061005525986, 0.1659919590342608, 0.15395760127791774, 0.17758863675613631, 0.16073529343919618, 0.13492832260639856, 0.16020643108208676, 0.14980528068382576, 0.13983403218302307, 0.13262762205075568]
Average Fidelity:  0.14417133360376044
Coverage:  [0.17502552776794553, 0.12772762754175046, 0.17156416974658156, 0.12064711707399861, 0.15955540091416937, 0.14043694722763117, 0.1589144161359958, 0.15033518559226994, 0.13072277972009239, 0.15605069357168871, 0.1306061005525986, 0.1659919590342608, 0.15888614455295047, 0.15426430799473648, 0.15841502335514504, 0.14662626861485747, 0.15857995469772257, 0.14316576245024798, 0.14578212739433738, 0.13558158194581893]
Average Coverage:  0.14944395479423997
Average length:  2.0975
Maximal length:  3.85
Confidence:  [0.9178897294271325, 0.7593989307432044, 0.9067638885733198, 0.709510397683974, 0.9144269129257376, 0.9334931969119808, 0.8997030595389163, 0.9164567703538291, 0.7682994378273057, 0.7485644330522646, 0.9302697302697303, 0.8974043715846994, 0.9224916444180578, 0.9210475953545483, 0.9222122156116286, 0.9279858927297029, 0.9192843396387289, 0.9188099398033573, 0.9335471772601658, 0.9249494633399608]
Average Confidence:  0.8846254563524123
Generality:  0.8169743772694561
Average number of clusters:  2.4
Number of clusters:  [2, 4, 2, 4, 2, 2, 2, 2, 4, 4, 2, 2, 2, 2, 2, 2, 2, 2, 2, 2]
=====================================================================
=====================================================================
Dataset, Depth:  auto 5
Fidelity:  [0.14243489953236663, 0.150564502714764, 0.16510390574753483, 0.15499410425098645, 0.14204309053728748, 0.1522036231052938, 0.1535337658269166, 0.14515587707505176, 0.14052819759292784, 0.15941343632949032, 0.15226588122513135, 0.14814816024548538, 0.13816119962781864, 0.13855155362105143, 0.14626019163637705, 0.13509298905289782, 0.15993271787846555, 0.185675152366781, 0.13022342719067623, 0.1428642869319941]
Average Fidelity:  0.1491575481244649
Coverage:  [0.14792390826765292, 0.17525017576336424, 0.16510390574753483, 0.1593857553485705, 0.15037415710534308, 0.1522036231052938, 0.16113992029633406, 0.14515587707505176, 0.1557530785637354, 0.16798514244940113, 0.14443667011283834, 0.1449328332874967, 0.13816119962781864, 0.13855155362105143, 0.15917198830561988, 0.13509298905289782, 0.16728306807850926, 0.17395698009162822, 0.13022342719067623, 0.15540882343114984]
Average Coverage:  0.15337475382609841
Average length:  2.23
Maximal length:  4.25
Confidence:  [0.9117660819464538, 0.9208686204447681, 0.911800031276075, 0.9013028103585392, 0.9170713388288819, 0.896219800200188, 0.8846544592914166, 0.9207595492768297, 0.9281794100520626, 0.9254978229322262, 0.9350386389923774, 0.9421535886737498, 0.9639677581939975, 0.941422106467659, 0.9397747657348001, 0.9336690194613922, 0.9202299088514889, 0.927120808572654, 0.934297052154195, 0.9081000410586251]
Average Confidence:  0.923194680638419
Generality:  0.8400429188667381
Average number of clusters:  2
Number of clusters:  [2, 2, 2, 2, 2, 2, 2, 2, 2, 2, 2, 2, 2, 2, 2, 2, 2, 2, 2, 2]
=====================================================================
=====================================================================
Dataset, Depth:  bike 3
Fidelity:  [0.5487320132566365, 0.5560117568733987, 0.5023982962380056, 0.5570982845157598, 0.5317464619007936, 0.5612343034415211, 0.5346021643300276, 0.553067159917677, 0.5593303012763481, 0.5330608362277912, 0.5491274508353897, 0.7386012867909885, 0.7417753009784517, 0.5567761666029912, 0.5397921649103798, 0.5431249049894017, 0.7322372007990364, 0.5621302138290525, 0.5466512903538722, 0.5529664352354287]
Average Fidelity:  0.5750231996651476
Coverage:  [0.5068974259747083, 0.46448338287904806, 0.4327562119522154, 0.4384796718450633, 0.4357200590650819, 0.4364873133747894, 0.29275732600647203, 0.4407813239549342, 0.4742707644881477, 0.42443674688310123, 0.45562986293825314, 0.4364331654532749, 0.4161135222262542, 0.4534760846553463, 0.4421461280373784, 0.5974242116540678, 0.44224977303225105, 0.6098286780498993, 0.43691260895453016, 0.4390902675067539]
Average Coverage:  0.4538187264465785
Average length:  1.8220890410958903
Maximal length:  3
Confidence:  [0.7589873027080843, 0.8268345235703818, 0.7534639856560024, 0.8265441539698208, 0.7641647488605052, 0.8307756452196726, 0.7478915843193248, 0.8263141443959423, 0.8232576858464473, 0.8240816087299189, 0.820268754783383, 0.7664362993477859, 0.7595198665994847, 0.8208590823921357, 0.7688852349171534, 0.8281479343058499, 0.7644331539175427, 0.8251217293189218, 0.8250602076220355, 0.8287325248562395]
Average Confidence:  0.7994890085668316
Generality:  0.6247657591005183
Average number of clusters:  2.85
Number of clusters:  [3, 2, 3, 2, 3, 2, 3, 2, 2, 2, 2, 6, 6, 2, 3, 2, 6, 2, 2, 2]
=====================================================================
=====================================================================
Dataset, Depth:  bike 4
Fidelity:  [0.5214414424073699, 0.5238348272627507, 0.533819495212483, 0.504819101004213, 0.7565782813926686, 0.5438210371958269, 0.5080366496974713, 0.49908680067065014, 0.5315046705522192, 0.7405108014863465, 0.547450601000122, 0.7094026190482885, 0.48966933997178486, 0.5259686098439671, 0.5257779134643612, 0.5036279322079745, 0.5607774775670048, 0.6746221233459545, 0.7397602068063709, 0.5339306073674472]
Average Fidelity:  0.5737220268752637
Coverage:  [0.38357802376610006, 0.5238728961343243, 0.4063420896371485, 0.43439007499019794, 0.25912683432027495, 0.4050602059870617, 0.4589859859317547, 0.49408996973863617, 0.5695095407419831, 0.3411614196580067, 0.6165792014130668, 0.3644416516445731, 0.4985053688041234, 0.6039820547112729, 0.4332532187991593, 0.410798275440092, 0.6155416187939496, 0.3605559374728906, 0.4325298078349876, 0.496352169094386]
Average Coverage:  0.45543281724569945
Average length:  2.059988584474886
Maximal length:  4
Confidence:  [0.7711238191213471, 0.7670715387917274, 0.8345417553145353, 0.7637028571088269, 0.7769508229980463, 0.8290863306876887, 0.7635795163540493, 0.7636011410801132, 0.8312370071694529, 0.7668833952405671, 0.8289582760177459, 0.7668910075189856, 0.7764749336739236, 0.8342343014290017, 0.7659610622613607, 0.7655085320344949, 0.8339372144459025, 0.764225910435651, 0.7675643489455937, 0.769485131211404]
Average Confidence:  0.7870509450920209
Generality:  0.6069173931085271
Average number of clusters:  3.45
Number of clusters:  [3, 3, 2, 3, 6, 2, 3, 3, 2, 6, 2, 6, 3, 2, 3, 3, 2, 6, 6, 3]
=====================================================================
=====================================================================
Dataset, Depth:  bike 5
Fidelity:  [0.5617341838163344, 0.7143212992725274, 0.6972558589172813, 0.5156746368577988, 0.507667755060989, 0.5591179602677333, 0.5425399151514793, 0.5147928823487806, 0.7070076797161351, 0.5126017926582632, 0.5425116112151724, 0.5826278234274432, 0.6874242505962271, 0.5068790302695587, 0.5035368854491475, 0.5650659876612352, 0.7164259709886841, 0.5597108075255403, 0.5208780631968616, 0.5293942198378297]
Average Fidelity:  0.5773584307117511
Coverage:  [0.6386216899447351, 0.43345617172672835, 0.4138707561711429, 0.4368323034232094, 0.45633896160073073, 0.4113630925584861, 0.4355661891093881, 0.3311586200213781, 0.43216213768556755, 0.48786901471672817, 0.4218962422880393, 0.3619742484025447, 0.3087996439523565, 0.347266058132854, 0.4600017280605023, 0.6121258614842334, 0.2754673366281887, 0.4219432627706628, 0.5206317800908793, 0.40749345334417664]
Average Coverage:  0.43074192760562663
Average length:  2.3144406392694066
Maximal length:  5
Confidence:  [0.8379306789195149, 0.7631353532496906, 0.7790145851746921, 0.7725504905431623, 0.7672067026231526, 0.8378667024908041, 0.8360556047870407, 0.7747745072234901, 0.7703875279089134, 0.7714652138938929, 0.8354433094550242, 0.7160709000084753, 0.7636645201733009, 0.7780733632474249, 0.7696265209640295, 0.8353142923349045, 0.7750244851312096, 0.8373860771299204, 0.7710073351420424, 0.8346535079257837]
Average Confidence:  0.7913325839163234
Generality:  0.5920003533151282
Average number of clusters:  3.45
Number of clusters:  [2, 6, 6, 3, 3, 2, 2, 3, 6, 3, 2, 4, 6, 3, 3, 2, 6, 2, 3, 2]
=====================================================================
=====================================================================
Dataset, Depth:  servo 3
Fidelity:  [0.38944487761659485, 0.2234620870608988, 0.18644479567305502, 0.2693603021263508, 0.3800247806783273, 0.19173188690153442, 0.1907156028882472, 0.20769432980400998, 0.19287500740794752, 0.21676138492371225, 0.3323786114939769, 0.4195981125213166, 0.24826426934770984, 0.3111860216038856, 0.21868399621754037, 0.2215230011580354, 0.19297379254365027, 0.31630653944583553, 0.24950189460877764, 0.17818271109856137]
Average Fidelity:  0.2568557002559984
Coverage:  [0.38944487761659485, 0.42593007279730116, 0.18644479567305502, 0.49832781049970326, 0.3800247806783273, 0.19173188690153442, 0.1907156028882472, 0.20769432980400998, 0.19287500740794752, 0.21676138492371225, 0.3323786114939769, 0.4195981125213166, 0.7596288411250737, 0.3111860216038856, 0.21868399621754037, 0.2215230011580354, 0.19297379254365027, 0.31630653944583553, 0.24950189460877764, 0.17818271109856137]
Average Coverage:  0.3039957035503543
Average length:  1.5176470588235293
Maximal length:  3
Confidence:  [0.9241044902809609, 0.937532984208176, 0.9441548079655496, 0.9163054116381548, 0.9842911523583793, 0.912519669872611, 0.958341722734714, 0.9443023586246093, 0.9020983974985343, 0.9634560971934821, 0.9716521060934961, 0.9629304341580557, 0.9183324845089551, 0.9504830917874396, 0.9054871352237973, 0.9425465838509317, 0.9505859531434979, 0.9368497603791721, 0.9646442437431173, 0.9538462116684895]
Average Confidence:  0.9422232548466062
Generality:  0.7674403326451004
Average number of clusters:  2
Number of clusters:  [2, 2, 2, 2, 2, 2, 2, 2, 2, 2, 2, 2, 2, 2, 2, 2, 2, 2, 2, 2]
=====================================================================
=====================================================================
Dataset, Depth:  servo 4
Fidelity:  [0.15663945305364366, 0.276147659940275, 0.2774454553568641, 0.2553109292658821, 0.32522080491191857, 0.37484836390715437, 0.45401042111100576, 0.2913803774273677, 0.24416034426119085, 0.37022109929601676, 0.24106126866929167, 0.2207843941503385, 0.25287987623090935, 0.23323509604878145, 0.3000807001685514, 0.3382413680212739, 0.18508319799642542, 0.25601078217935413, 0.21952336527467506, 0.179922025377998]
Average Fidelity:  0.27261034913244586
Coverage:  [0.15663945305364366, 0.276147659940275, 0.2774454553568641, 0.2553109292658821, 0.32522080491191857, 0.18222312639182617, 0.45401042111100576, 0.38806951012769664, 0.348696640130594, 0.37022109929601676, 0.24106126866929167, 0.2207843941503385, 0.25287987623090935, 0.38609181341767684, 0.3000807001685514, 0.3382413680212739, 0.18508319799642542, 0.5462355806755774, 0.21952336527467506, 0.179922025377998]
Average Coverage:  0.29519443447842203
Average length:  1.7441176470588236
Maximal length:  4
Confidence:  [0.8855261488653432, 0.9232463038691412, 0.926631864867159, 0.9407766743060861, 0.9854159170299419, 0.9009841369702961, 0.9596933510246204, 0.950086115527292, 0.9564533294712323, 0.9560341763027185, 0.9337089381207028, 0.9337042695866226, 0.9274203737439032, 0.9543355671788166, 0.948578431372549, 0.91112579077977, 0.9274203737439032, 0.9377692218281258, 0.9286690433749257, 0.8742519735166794]
Average Confidence:  0.9330916000739915
Generality:  0.7478709187865519
Average number of clusters:  2
Number of clusters:  [2, 2, 2, 2, 2, 2, 2, 2, 2, 2, 2, 2, 2, 2, 2, 2, 2, 2, 2, 2]
=====================================================================
=====================================================================
Dataset, Depth:  servo 5
Fidelity:  [0.37523615497870055, 0.3449569400776588, 0.3406995334105331, 0.3130452014159889, 0.3621607009091272, 0.2576895568305727, 0.17864386125603188, 0.19414929899839523, 0.2919886197189663, 0.2161495433747564, 0.29834247044091755, 0.20724291777914294, 0.24573404874943788, 0.16289418109988768, 0.16512464962713946, 0.31633939640335657, 0.3376767427146764, 0.2288281487637223, 0.4930496537287782, 0.27057559745909865]
Average Fidelity:  0.28002636088684446
Coverage:  [0.37523615497870055, 0.3449569400776588, 0.3406995334105331, 0.3130452014159889, 0.3621607009091272, 0.3649316181005101, 0.30496047834952517, 0.19414929899839523, 0.2919886197189663, 0.2161495433747564, 0.29834247044091755, 0.20724291777914294, 0.24573404874943788, 0.16289418109988768, 0.16512464962713946, 0.31633939640335657, 0.3376767427146764, 0.2288281487637223, 0.4930496537287782, 0.35763921392959064]
Average Coverage:  0.29605747562854057
Average length:  1.5911764705882352
Maximal length:  4.1
Confidence:  [0.9448118634426951, 0.966628601087112, 0.9657147666830823, 0.9516056246235275, 0.9770289694825298, 0.9641846119317959, 0.9501918158567775, 0.9550146145414687, 0.9210980772399457, 0.9592452277058034, 0.9795334468889235, 0.9657147666830823, 0.9550146145414687, 0.9367171617811004, 0.8982455861132331, 0.940859909025999, 0.9562269110542768, 0.9605753694429945, 0.9562269110542768, 0.9435179199885082]
Average Confidence:  0.95240783845843
Generality:  0.7744574922117565
Average number of clusters:  2
Number of clusters:  [2, 2, 2, 2, 2, 2, 2, 2, 2, 2, 2, 2, 2, 2, 2, 2, 2, 2, 2, 2]
=====================================================================
=====================================================================
Dataset, Depth:  housing 3
Fidelity:  [0.1916659792300289, 0.21027448343404545, 0.1923119630276142, 0.2112341339502613, 0.2091952867312943, 0.21362987617001752, 0.2082920412613482, 0.17576869121846805, 0.19612835965826964, 0.2404612319361232, 0.169968426762695, 0.19144432381661525, 0.19689205188221096, 0.20799213865560912, 0.17903466400047763, 0.20289332966270215, 0.18314064681091016, 0.25349397622490366, 0.17917545728015424, 0.2769676833735793]
Average Fidelity:  0.20449823725436642
Coverage:  [0.1916659792300289, 0.21027448343404545, 0.1923119630276142, 0.2112341339502613, 0.2091952867312943, 0.22461010046010418, 0.2082920412613482, 0.17576869121846805, 0.19612835965826964, 0.2404612319361232, 0.169968426762695, 0.19144432381661525, 0.19689205188221096, 0.20799213865560912, 0.17903466400047763, 0.20289332966270215, 0.18314064681091016, 0.25349397622490366, 0.17917545728015424, 0.25340710591806126]
Average Coverage:  0.20386921959609483
Average length:  2.185294117647059
Maximal length:  2.35
Confidence:  [0.987496493199801, 0.9905871730096841, 0.9879992584084486, 0.9950603691361659, 0.9692988486658493, 0.9676376562739328, 0.9919421705417333, 0.9895597859516191, 0.989698936916678, 0.9876210292263068, 0.9844379725745004, 0.9620306800023735, 0.987496493199801, 0.9748522293542229, 0.9650744227257888, 0.9892496781006952, 0.9870981534093134, 0.9905447912689826, 0.987496493199801, 0.9891366128222067]
Average Confidence:  0.9837159623993952
Generality:  0.9571720247450551
Average number of clusters:  2
Number of clusters:  [2, 2, 2, 2, 2, 2, 2, 2, 2, 2, 2, 2, 2, 2, 2, 2, 2, 2, 2, 2]
=====================================================================
=====================================================================
Dataset, Depth:  housing 4
Fidelity:  [0.2094003823966751, 0.20875030772886477, 0.20622131806315333, 0.13816478006351482, 0.1795311408689802, 0.21224826093930985, 0.22021589345473885, 0.14687442183816338, 0.1969853319606652, 0.17911099733291125, 0.19494116764135103, 0.2662981952490729, 0.19347467485990244, 0.17457349511883882, 0.19641292596802573, 0.2064214534004442, 0.2081752872161995, 0.23944797241181318, 0.2314180683464894, 0.21593624903264935]
Average Fidelity:  0.20123011619458817
Coverage:  [0.2094003823966751, 0.20875030772886477, 0.20622131806315333, 0.13816478006351482, 0.1795311408689802, 0.21224826093930985, 0.1978653043147682, 0.14687442183816338, 0.18980431035831813, 0.17911099733291125, 0.19494116764135103, 0.2662981952490729, 0.19347467485990244, 0.17457349511883882, 0.19641292596802573, 0.2064214534004442, 0.2081752872161995, 0.23944797241181318, 0.20855009195866145, 0.21593624903264935]
Average Coverage:  0.19861013683808088
Average length:  2.1882352941176473
Maximal length:  2.5
Confidence:  [0.9930615840672754, 0.9937716623132699, 0.9897310052382347, 0.9668476507009143, 0.989698936916678, 0.9887268022837018, 0.9911895312088176, 0.9883420783280988, 0.9509485245514575, 0.9634746028736592, 0.9913210707603232, 0.9920924922899542, 0.987496493199801, 0.9890047888257437, 0.988283055040921, 0.9921457639659638, 0.9895902445834046, 0.986708391598436, 0.989918804956653, 0.987496493199801]
Average Confidence:  0.9854924988451554
Generality:  0.9682639440969165
Average number of clusters:  2
Number of clusters:  [2, 2, 2, 2, 2, 2, 2, 2, 2, 2, 2, 2, 2, 2, 2, 2, 2, 2, 2, 2]
=====================================================================
=====================================================================
Dataset, Depth:  housing 5
Fidelity:  [0.25845224594053035, 0.2373224301478892, 0.20119802058226602, 0.18417710521024908, 0.21641334779606872, 0.1924029622646972, 0.1812066177009454, 0.18244480160135693, 0.20436164671752916, 0.22698546331240796, 0.20720165619422254, 0.24387171695488893, 0.17567740423621453, 0.19310469418606735, 0.17679107557132095, 0.182872741884854, 0.16752922296320955, 0.2030368871043163, 0.20646216202782597, 0.20912639659184695]
Average Fidelity:  0.20253192994943536
Coverage:  [0.25845224594053035, 0.2373224301478892, 0.20119802058226602, 0.17728892659437748, 0.21641334779606872, 0.170412499574635, 0.1812066177009454, 0.20902181307880047, 0.20436164671752916, 0.22698546331240796, 0.2011975845066824, 0.24387171695488893, 0.17567740423621453, 0.19310469418606735, 0.17679107557132095, 0.1723175032335446, 0.16752922296320955, 0.2030368871043163, 0.20646216202782597, 0.20912639659184695]
Average Coverage:  0.20158888294106836
Average length:  2.407843137254902
Maximal length:  2.95
Confidence:  [0.9912418904296885, 0.985797635660678, 0.9913210707603232, 0.9570551742606482, 0.9890342806867994, 0.9870431927510313, 0.9578424380464322, 0.9603122227580466, 0.9891695460689414, 0.9914493046801176, 0.9673531083559347, 0.987496493199801, 0.9547980150625973, 0.9876605863609967, 0.9865752775923199, 0.9499517904727579, 0.943168908340354, 0.9883335713971516, 0.9548552510151684, 0.9883335713971516]
Average Confidence:  0.975439666464847
Generality:  0.939440995141616
Average number of clusters:  2
Number of clusters:  [2, 2, 2, 2, 2, 2, 2, 2, 2, 2, 2, 2, 2, 2, 2, 2, 2, 2, 2, 2]
=====================================================================
